"fix_sclstm128_low_0.1" = 99.80625000000001
"fix_sclstm128_low_0.2" = 99.58125
