"fix_sclstm16_high_0.1" = 0.0
"fix_sclstm128_low_0.1" = 99.83750000000001
"fix_sclstm128_low_0.2" = 99.83750000000001
"fix_sclstm128_low_0.3" = 99.46250000000001
